0.560	95.075
0.666	95.073
0.771	95.073
0.877	95.072
0.982	95.071
1.088	95.072
1.193	95.080
1.298	95.092
1.404	95.082
1.509	95.072
1.615	95.073
1.720	95.069
1.826	95.067
1.931	95.070
2.037	95.071
2.142	95.068
2.248	95.068
2.353	95.066
2.459	95.065
2.565	95.074
2.670	95.080
2.776	95.079
2.881	95.079
2.987	95.074
3.092	95.068
3.198	95.071
3.303	95.075
3.409	95.074
3.514	95.072
3.620	95.070
3.725	95.069
3.831	95.071
3.936	95.072
4.042	95.070
4.147	95.069
4.253	95.071
4.358	95.074
4.464	95.075
4.569	95.077
4.675	95.072
4.780	95.068
4.886	95.075
4.991	95.078
5.097	95.076
5.202	95.071
5.308	95.066
5.413	95.070
5.519	95.075
5.624	95.073
5.730	95.068
5.835	95.068
5.941	95.071
6.046	95.068
6.152	95.065
6.257	95.070
6.363	95.067
6.468	95.063
6.574	95.069
6.679	95.074
6.785	95.075
6.890	95.082
6.996	95.076
7.101	95.067
7.207	95.072
7.312	95.075
7.418	95.079
7.523	95.074
7.629	95.066
7.734	95.080
7.840	95.077
7.945	95.065
8.051	95.065
8.156	95.065
8.262	95.063
8.367	95.061
8.473	95.070
8.578	95.077
8.684	95.074
8.789	95.075
8.895	95.071
9.000	95.064
9.105	95.071
9.211	95.079
9.316	95.077
9.422	95.077
9.527	95.071
9.633	95.068
9.738	95.072
9.844	95.075
9.949	95.069
10.055	95.061
10.160	95.067
10.266	95.068
10.371	95.062
10.477	95.062
10.582	95.067
10.688	95.075
10.793	95.075
10.899	95.066
11.004	95.064
11.110	95.066
11.215	95.072
11.321	95.082
11.426	95.074
11.532	95.067
11.637	95.069
11.743	95.067
11.848	95.065
11.954	95.064
12.059	95.069
12.165	95.070
12.270	95.068
12.376	95.074
12.481	95.075
12.587	95.074
12.692	95.074
12.798	95.069
12.903	95.067
13.009	95.069
13.114	95.068
13.220	95.069
13.325	95.067
13.431	95.065
13.536	95.070
13.642	95.067
13.747	95.067
13.853	95.071
13.958	95.070
14.064	95.069
14.169	95.070
14.275	95.070
14.380	95.069
14.486	95.070
14.591	95.071
14.697	95.069
14.802	95.068
14.908	95.068
15.013	95.068
15.119	95.067
15.224	95.068
15.330	95.067
15.435	95.066
15.541	95.067
15.646	95.067
15.752	95.069
15.857	95.070
15.963	95.067
16.068	95.069
16.174	95.069
16.279	95.068
16.385	95.070
16.490	95.068
16.596	95.068
16.701	95.068
16.807	95.067
16.912	95.068
17.018	95.066
17.123	95.067
17.229	95.070
17.334	95.071
17.440	95.071
17.545	95.071
17.651	95.071
17.756	95.069
17.862	95.069
17.967	95.070
18.073	95.072
18.178	95.072
18.284	95.070
18.389	95.070
18.495	95.072
18.600	95.067
18.706	95.065
18.811	95.069
18.917	95.068
19.022	95.067
19.128	95.069
19.233	95.065
19.339	95.064
19.444	95.069
19.550	95.070
19.655	95.065
19.761	95.063
19.866	95.070
19.972	95.070
20.077	95.069
20.183	95.069
20.288	95.071
20.394	95.071
20.499	95.071
20.605	95.070
20.710	95.068
20.816	95.070
20.921	95.069
21.027	95.069
21.132	95.070
21.238	95.069
21.343	95.069
21.449	95.069
21.554	95.069
21.660	95.070
21.765	95.070
21.871	95.069
21.976	95.067
22.082	95.069
22.187	95.069
22.293	95.067
22.398	95.069
22.504	95.071
22.609	95.070
22.715	95.069
22.820	95.068
22.926	95.081
23.031	95.080
23.137	95.068
23.242	95.070
23.348	95.070
23.453	95.069
23.559	95.070
23.664	95.069
23.770	95.068
23.875	95.068
23.981	95.070
24.086	95.071
24.192	95.069
24.297	95.070
24.403	95.069
24.508	95.068
24.614	95.070
24.719	95.072
24.825	95.068
24.930	95.067
25.036	95.067
25.141	95.068
25.247	95.071
25.352	95.070
25.458	95.065
25.563	95.065
25.669	95.072
25.774	95.073
25.880	95.070
25.985	95.070
26.091	95.070
26.196	95.065
26.302	95.064
26.407	95.072
26.513	95.074
26.618	95.069
26.724	95.076
26.829	95.074
26.935	95.065
27.040	95.069
27.146	95.070
27.251	95.070
27.357	95.071
27.462	95.071
27.568	95.071
27.673	95.071
27.779	95.071
27.884	95.070
27.990	95.070
28.095	95.073
28.201	95.071
28.306	95.070
28.412	95.069
28.517	95.068
28.623	95.069
28.728	95.071
28.834	95.070
28.939	95.070
29.045	95.070
29.150	95.070
29.256	95.069
29.361	95.069
29.467	95.070
29.572	95.070
29.678	95.070
29.783	95.070
29.889	95.069
29.994	95.070
30.100	95.069
30.205	95.069
30.311	95.070
30.416	95.070
30.522	95.070
30.627	95.072
30.733	95.071
30.838	95.069
30.944	95.069
31.049	95.069
31.155	95.070
31.260	95.071
31.366	95.073
31.471	95.071
31.577	95.065
31.682	95.066
31.788	95.070
31.893	95.069
31.999	95.068
32.104	95.069
32.210	95.069
32.315	95.069
32.421	95.068
32.526	95.068
32.632	95.071
32.737	95.069
32.843	95.068
32.948	95.070
33.054	95.071
33.159	95.071
33.265	95.070
33.370	95.070
33.476	95.069
33.581	95.069
33.687	95.071
33.792	95.071
33.898	95.070
34.003	95.069
34.109	95.070
34.214	95.071
34.320	95.069
34.425	95.068
34.531	95.069
34.636	95.071
34.742	95.069
34.847	95.068
34.953	95.068
35.058	95.069
35.164	95.070
35.269	95.071
35.375	95.071
35.480	95.071
35.586	95.069
35.691	95.068
35.797	95.069
35.902	95.070
36.008	95.069
36.113	95.068
36.219	95.067
36.324	95.069
36.430	95.071
36.535	95.070
36.641	95.069
36.746	95.069
36.852	95.069
36.957	95.069
37.063	95.070
37.168	95.071
37.274	95.070
37.379	95.071
37.485	95.072
37.590	95.071
37.696	95.071
37.801	95.072
37.907	95.071
38.012	95.071
38.118	95.072
38.223	95.071
38.329	95.072
38.434	95.072
38.540	95.070
38.645	95.071
38.751	95.072
38.856	95.071
38.962	95.072
39.067	95.072
39.173	95.070
39.278	95.070
39.384	95.071
39.489	95.072
39.595	95.071
39.700	95.070
39.806	95.069
39.911	95.070
40.017	95.071
40.122	95.070
40.228	95.071
40.333	95.071
40.439	95.071
40.544	95.072
40.650	95.071
40.755	95.071
40.861	95.071
40.966	95.070
41.072	95.068
41.177	95.070
41.283	95.072
41.388	95.070
41.494	95.073
41.599	95.073
41.705	95.071
41.810	95.071
41.916	95.070
42.021	95.070
42.127	95.072
42.232	95.073
42.338	95.073
42.443	95.073
42.549	95.071
42.654	95.069
42.760	95.071
42.865	95.071
42.971	95.070
43.076	95.071
43.182	95.072
43.287	95.073
43.393	95.073
43.498	95.071
43.604	95.070
43.709	95.071
43.815	95.070
43.920	95.070
44.026	95.073
44.131	95.073
44.237	95.072
44.342	95.071
44.448	95.071
44.553	95.073
44.659	95.071
44.764	95.070
44.870	95.072
44.975	95.072
45.081	95.072
45.186	95.071
45.292	95.070
45.397	95.070
45.503	95.071
45.608	95.072
45.714	95.072
45.819	95.071
45.925	95.071
46.030	95.070
46.136	95.069
46.241	95.072
46.347	95.070
46.452	95.071
46.558	95.072
46.663	95.069
46.769	95.070
46.874	95.070
46.980	95.071
47.085	95.072
47.191	95.071
47.296	95.070
47.402	95.073
47.507	95.073
47.613	95.072
47.718	95.072
47.824	95.072
47.929	95.073
48.035	95.072
48.140	95.071
48.246	95.070
48.351	95.070
48.457	95.071
48.562	95.073
48.668	95.074
48.773	95.070
48.879	95.069
48.984	95.071
49.090	95.073
49.195	95.073
49.301	95.073
49.406	95.071
49.512	95.072
49.617	95.073
49.723	95.071
49.828	95.070
49.934	95.069
50.039	95.071
50.145	95.072
50.250	95.072
50.356	95.072
50.461	95.070
50.567	95.071
50.672	95.073
50.778	95.073
50.883	95.072
50.989	95.073
51.094	95.074
51.200	95.072
51.305	95.071
51.411	95.070
51.516	95.069
51.622	95.069
51.727	95.069
51.833	95.072
51.938	95.071
52.044	95.070
52.149	95.072
52.255	95.072
52.360	95.072
52.466	95.073
52.571	95.073
52.677	95.072
52.782	95.072
52.888	95.072
52.993	95.074
53.099	95.073
53.204	95.072
53.310	95.072
53.415	95.073
53.521	95.073
53.626	95.074
53.732	95.073
53.837	95.071
53.943	95.073
54.048	95.072
54.154	95.072
54.259	95.073
54.365	95.073
54.470	95.072
54.576	95.072
54.681	95.076
54.787	95.075
54.892	95.071
54.998	95.072
55.103	95.073
55.209	95.071
55.314	95.072
55.420	95.072
55.525	95.071
55.631	95.070
55.736	95.080
55.842	95.102
55.947	95.090
56.053	95.069
56.158	95.070
56.264	95.069
56.369	95.071
56.475	95.073
56.580	95.074
56.686	95.074
56.791	95.073
56.897	95.072
57.002	95.072
57.108	95.073
57.213	95.073
57.319	95.073
57.424	95.073
57.530	95.075
57.635	95.075
57.741	95.075
57.846	95.073
57.952	95.071
58.057	95.071
58.163	95.073
58.268	95.073
58.374	95.071
58.479	95.074
58.585	95.075
58.690	95.072
58.796	95.071
58.901	95.072
59.007	95.073
59.112	95.073
59.218	95.073
59.323	95.072
59.429	95.070
59.534	95.071
59.640	95.073
59.745	95.073
59.851	95.073
59.956	95.072
60.062	95.072
60.167	95.071
60.273	95.071
60.378	95.073
60.484	95.073
60.589	95.073
60.695	95.074
60.800	95.074
60.906	95.072
61.011	95.071
61.117	95.073
61.222	95.074
61.328	95.073
61.433	95.073
61.539	95.075
61.644	95.074
61.750	95.073
61.855	95.073
61.961	95.072
62.066	95.072
62.172	95.072
62.277	95.072
62.383	95.072
62.488	95.073
62.594	95.069
62.699	95.069
62.805	95.070
62.910	95.070
63.016	95.071
63.121	95.070
63.227	95.072
63.332	95.072
63.438	95.072
63.543	95.073
63.649	95.072
63.754	95.070
63.860	95.072
63.965	95.072
64.071	95.072
64.176	95.073
64.282	95.074
64.387	95.073
64.493	95.071
64.598	95.071
64.704	95.071
64.809	95.070
64.915	95.070
65.020	95.072
65.126	95.073
65.231	95.072
65.337	95.071
65.442	95.070
65.548	95.070
65.653	95.070
65.759	95.071
65.864	95.071
65.970	95.071
66.075	95.072
66.181	95.071
66.286	95.071
66.392	95.072
66.497	95.071
66.603	95.071
66.708	95.072
66.814	95.072
66.919	95.072
67.025	95.073
67.130	95.072
67.236	95.071
67.341	95.073
67.447	95.073
67.552	95.072
67.658	95.072
67.763	95.070
67.869	95.069
67.974	95.071
68.080	95.070
68.185	95.069
68.291	95.070
68.396	95.072
68.502	95.072
68.607	95.072
68.713	95.069
68.818	95.069
68.924	95.070
69.029	95.069
69.135	95.070
69.240	95.071
69.346	95.071
69.451	95.071
69.557	95.072
69.662	95.071
69.768	95.070
69.873	95.070
69.979	95.071
70.084	95.072
70.190	95.070
70.295	95.069
70.401	95.071
70.507	95.071
70.612	95.070
70.718	95.070
70.823	95.071
70.929	95.073
71.034	95.071
71.140	95.069
71.245	95.070
71.351	95.070
71.456	95.071
71.562	95.072
71.667	95.071
71.773	95.070
71.878	95.069
71.984	95.069
72.089	95.070
72.195	95.071
72.300	95.072
72.406	95.071
72.511	95.069
72.617	95.070
72.722	95.072
72.828	95.071
72.933	95.068
73.039	95.069
73.144	95.069
73.250	95.070
73.355	95.073
73.461	95.072
73.566	95.070
73.672	95.071
73.777	95.071
73.883	95.071
73.988	95.072
74.094	95.072
74.199	95.070
74.305	95.069
74.410	95.070
74.516	95.071
74.621	95.071
74.727	95.070
74.832	95.071
74.938	95.071
75.043	95.073
75.149	95.074
75.254	95.072
75.360	95.071
75.465	95.072
75.571	95.074
75.676	95.072
75.782	95.072
75.887	95.071
75.993	95.070
76.098	95.071
76.204	95.072
76.309	95.073
76.415	95.071
76.520	95.070
76.626	95.072
76.731	95.072
76.837	95.072
76.942	95.072
77.048	95.071
77.153	95.070
77.259	95.070
77.364	95.071
77.470	95.071
77.575	95.074
77.681	95.075
77.786	95.072
77.892	95.070
77.997	95.070
78.103	95.071
78.208	95.070
78.314	95.073
78.419	95.073
78.525	95.072
78.630	95.071
78.736	95.071
78.841	95.070
78.947	95.071
79.052	95.072
79.158	95.072
79.263	95.071
79.369	95.071
79.474	95.071
79.580	95.072
79.685	95.072
79.791	95.071
79.896	95.073
80.002	95.071
80.107	95.071
80.213	95.072
80.318	95.072
80.424	95.072
80.529	95.072
80.635	95.073
80.740	95.073
80.846	95.071
80.951	95.071
81.057	95.072
81.162	95.071
81.268	95.072
81.373	95.072
81.479	95.070
81.584	95.071
81.690	95.072
81.795	95.071
81.901	95.072
82.006	95.073
82.112	95.072
82.217	95.072
82.323	95.073
82.428	95.072
82.534	95.070
82.639	95.070
82.745	95.072
82.850	95.073
82.956	95.071
83.061	95.070
83.167	95.071
83.272	95.071
83.378	95.071
83.483	95.070
83.589	95.071
83.694	95.074
83.800	95.073
83.905	95.069
84.011	95.069
84.116	95.071
84.222	95.073
84.327	95.073
84.433	95.070
84.538	95.072
84.644	95.072
84.749	95.071
84.855	95.069
84.960	95.070
85.066	95.073
85.171	95.071
85.277	95.070
85.382	95.071
85.488	95.073
85.593	95.072
85.699	95.071
85.804	95.071
85.910	95.071
86.015	95.070
86.121	95.071
86.226	95.073
86.332	95.071
86.437	95.069
86.543	95.069
86.648	95.070
86.754	95.069
86.859	95.071
86.965	95.072
87.070	95.072
87.176	95.074
87.281	95.073
87.387	95.071
87.492	95.070
87.598	95.070
87.703	95.071
87.809	95.072
87.914	95.072
88.020	95.072
88.125	95.072
88.231	95.073
88.336	95.073
88.442	95.070
88.547	95.071
88.653	95.074
88.758	95.073
88.864	95.071
88.969	95.071
89.075	95.071
89.180	95.073
89.286	95.072
89.391	95.059
89.497	95.063
89.602	95.075
89.708	95.072
89.813	95.071
89.919	95.072
90.024	95.073
90.130	95.073
90.235	95.074
90.341	95.072
90.446	95.070
90.552	95.071
90.657	95.072
90.763	95.072
90.868	95.073
90.974	95.075
91.079	95.072
91.185	95.070
91.290	95.071
91.396	95.070
91.501	95.070
91.607	95.071
91.712	95.073
91.818	95.071
91.923	95.069
92.029	95.071
92.134	95.071
92.240	95.071
92.345	95.072
92.451	95.071
92.556	95.071
92.662	95.072
92.767	95.071
92.873	95.067
92.978	95.068
93.084	95.071
93.189	95.070
93.295	95.071
93.400	95.071
93.506	95.071
93.611	95.070
93.717	95.070
93.822	95.071
93.928	95.074
94.033	95.073
94.139	95.072
94.244	95.073
94.350	95.071
94.455	95.070
94.561	95.070
94.666	95.070
94.772	95.070
94.877	95.071
94.983	95.071
95.088	95.070
95.194	95.070
95.299	95.069
95.405	95.070
95.510	95.067
95.616	95.067
95.721	95.072
95.827	95.073
95.932	95.072
96.038	95.071
96.143	95.070
96.249	95.070
96.354	95.071
96.460	95.071
96.565	95.073
96.671	95.072
96.776	95.069
96.882	95.070
96.987	95.072
97.093	95.073
97.198	95.072
97.304	95.072
97.409	95.070
97.515	95.068
97.620	95.072
97.726	95.073
97.831	95.072
97.937	95.069
98.042	95.069
98.148	95.071
98.253	95.071
98.359	95.072
98.464	95.073
98.570	95.073
98.675	95.073
98.781	95.071
98.886	95.071
98.992	95.073
99.097	95.072
99.203	95.070
99.308	95.071
99.414	95.071
99.519	95.072
99.625	95.073
99.730	95.073
99.836	95.070
99.941	95.070
100.047	95.071
100.152	95.071
100.258	95.072
100.363	95.073
100.469	95.072
100.574	95.072
100.680	95.072
100.785	95.070
100.891	95.069
100.996	95.071
101.102	95.073
101.207	95.073
101.313	95.072
101.418	95.071
101.524	95.072
101.629	95.072
101.735	95.072
101.840	95.072
101.946	95.072
102.051	95.073
102.157	95.071
102.262	95.068
102.368	95.070
102.473	95.072
102.579	95.072
102.684	95.072
102.790	95.071
102.895	95.072
103.001	95.071
103.106	95.070
103.212	95.070
103.317	95.070
103.423	95.070
103.528	95.069
103.634	95.071
103.739	95.073
103.845	95.071
103.950	95.071
104.056	95.073
104.161	95.073
104.267	95.072
104.372	95.070
104.478	95.071
104.583	95.073
104.689	95.073
104.794	95.071
104.900	95.070
105.005	95.069
105.111	95.072
105.216	95.072
105.322	95.070
105.427	95.071
105.533	95.071
105.638	95.072
105.744	95.069
105.849	95.070
105.955	95.071
106.060	95.071
106.166	95.070
106.271	95.070
106.377	95.072
106.482	95.073
106.588	95.073
106.693	95.072
106.799	95.071
106.904	95.070
107.010	95.071
107.115	95.070
107.221	95.070
107.326	95.071
107.432	95.071
107.537	95.071
107.643	95.072
107.748	95.073
107.854	95.073
107.959	95.073
108.065	95.072
108.170	95.070
108.276	95.070
108.381	95.070
108.487	95.070
108.592	95.070
108.698	95.070
108.803	95.071
108.909	95.071
109.014	95.070
109.120	95.070
109.225	95.072
109.331	95.072
109.436	95.072
109.542	95.074
109.647	95.075
109.753	95.072
109.858	95.071
109.964	95.070
110.069	95.071
110.175	95.072
110.280	95.072
110.386	95.072
110.491	95.071
110.597	95.071
110.702	95.071
110.808	95.071
110.913	95.070
111.019	95.071
111.124	95.073
111.230	95.071
111.335	95.071
111.441	95.072
111.546	95.071
111.652	95.072
111.757	95.072
111.863	95.074
111.968	95.073
112.074	95.072
112.179	95.072
112.285	95.073
112.390	95.074
112.496	95.072
112.601	95.072
112.707	95.072
112.812	95.071
112.918	95.072
113.023	95.070
113.129	95.070
113.234	95.072
113.340	95.072
113.445	95.072
113.551	95.069
113.656	95.069
113.762	95.072
113.867	95.073
113.973	95.074
114.078	95.074
114.184	95.073
114.289	95.072
114.395	95.072
114.500	95.072
114.606	95.071
114.711	95.071
114.817	95.071
114.922	95.072
115.028	95.071
115.133	95.071
115.239	95.072
115.344	95.072
115.450	95.071
115.555	95.072
115.661	95.072
115.766	95.070
115.872	95.071
115.977	95.072
116.083	95.073
116.188	95.073
116.294	95.072
116.399	95.073
116.505	95.074
116.610	95.074
116.716	95.071
116.821	95.072
116.927	95.074
117.032	95.071
117.138	95.072
117.243	95.072
117.349	95.070
117.454	95.070
117.560	95.073
117.665	95.073
117.771	95.074
117.876	95.072
117.982	95.071
118.087	95.072
118.193	95.072
118.298	95.072
118.404	95.072
118.509	95.072
118.615	95.073
118.720	95.073
118.826	95.073
118.931	95.073
119.037	95.072
119.142	95.072
119.248	95.072
119.353	95.072
119.459	95.072
119.564	95.071
119.670	95.072
119.775	95.071
119.881	95.072
119.986	95.073
120.092	95.072
120.197	95.072
120.303	95.071
120.408	95.073
120.514	95.075
120.619	95.074
120.725	95.072
120.830	95.073
120.936	95.073
121.041	95.073
121.147	95.070
121.252	95.070
121.358	95.072
121.463	95.072
121.569	95.071
121.674	95.072
121.780	95.073
121.885	95.073
121.991	95.073
122.096	95.074
122.202	95.075
122.307	95.074
122.413	95.073
122.518	95.074
122.624	95.074
122.729	95.074
122.835	95.075
122.940	95.075
123.046	95.073
123.151	95.073
123.257	95.075
123.362	95.074
123.468	95.071
123.573	95.072
123.679	95.072
123.784	95.071
123.890	95.073
123.995	95.075
124.101	95.073
124.206	95.072
124.312	95.073
124.417	95.073
124.523	95.073
124.628	95.072
124.734	95.071
124.839	95.072
124.945	95.072
125.050	95.071
125.156	95.072
125.261	95.073
125.367	95.075
125.472	95.075
125.578	95.075
125.683	95.074
125.789	95.073
125.894	95.073
126.000	95.073
126.105	95.071
126.211	95.071
126.316	95.072
126.422	95.075
126.527	95.075
126.633	95.073
126.738	95.074
126.844	95.074
126.949	95.072
127.055	95.072
127.160	95.075
127.266	95.075
127.371	95.072
127.477	95.072
127.582	95.074
127.688	95.074
127.793	95.073
127.899	95.073
128.004	95.073
128.110	95.072
128.215	95.073
128.321	95.074
128.426	95.075
128.532	95.076
128.637	95.076
128.743	95.073
128.848	95.073
128.954	95.075
129.059	95.075
129.165	95.075
129.270	95.075
129.376	95.074
129.481	95.073
129.587	95.074
129.692	95.075
129.798	95.076
129.903	95.074
130.009	95.073
130.114	95.075
130.220	95.075
130.325	95.073
130.431	95.075
130.536	95.074
130.642	95.074
130.747	95.074
130.853	95.073
130.958	95.073
131.064	95.074
131.169	95.074
131.275	95.072
131.380	95.072
131.486	95.074
131.591	95.075
131.697	95.074
131.802	95.073
131.908	95.072
132.013	95.073
132.119	95.073
132.224	95.072
132.330	95.074
132.435	95.074
132.541	95.074
132.646	95.073
132.752	95.073
132.857	95.072
132.963	95.073
133.068	95.075
133.174	95.073
133.279	95.071
133.385	95.071
133.490	95.073
133.596	95.073
133.701	95.074
133.807	95.074
133.912	95.073
134.018	95.074
134.123	95.073
134.229	95.073
134.334	95.073
134.440	95.072
134.545	95.072
134.651	95.074
134.756	95.075
134.862	95.075
134.967	95.073
135.073	95.073
135.178	95.073
135.284	95.073
135.389	95.074
135.495	95.073
135.600	95.073
135.706	95.073
135.811	95.074
135.917	95.074
136.022	95.074
136.128	95.074
136.233	95.074
136.339	95.073
136.444	95.071
136.550	95.072
136.655	95.075
136.761	95.075
136.866	95.075
136.972	95.074
137.077	95.076
137.183	95.075
137.288	95.073
137.394	95.074
137.499	95.074
137.605	95.073
137.710	95.072
137.816	95.073
137.921	95.074
138.027	95.074
138.132	95.074
138.238	95.074
138.343	95.074
138.449	95.075
138.554	95.074
138.660	95.075
138.765	95.073
138.871	95.074
138.976	95.074
139.082	95.070
139.187	95.071
139.293	95.073
139.398	95.072
139.504	95.071
139.609	95.070
139.715	95.069
139.820	95.073
139.926	95.075
140.031	95.075
140.137	95.075
140.242	95.073
140.348	95.074
140.453	95.074
140.559	95.075
140.664	95.073
140.770	95.073
140.875	95.073
140.981	95.073
141.086	95.073
141.192	95.072
141.297	95.072
141.403	95.075
141.508	95.076
141.614	95.074
141.719	95.074
141.825	95.074
141.930	95.072
142.036	95.072
142.141	95.072
142.247	95.073
142.352	95.075
142.458	95.072
142.563	95.073
142.669	95.073
142.774	95.074
142.880	95.073
142.985	95.071
143.091	95.072
143.196	95.072
143.302	95.072
143.407	95.074
143.513	95.073
143.618	95.073
143.724	95.075
143.829	95.073
143.935	95.072
144.040	95.072
144.146	95.073
144.251	95.073
144.357	95.073
144.462	95.071
144.568	95.070
144.673	95.073
144.779	95.075
144.884	95.074
144.990	95.075
145.095	95.074
145.201	95.074
145.306	95.074
145.412	95.071
145.517	95.071
145.623	95.074
145.728	95.074
145.834	95.073
145.939	95.073
146.045	95.072
146.150	95.073
146.256	95.075
146.361	95.073
146.467	95.072
146.572	95.074
146.678	95.076
146.783	95.076
146.889	95.075
146.994	95.076
147.100	95.076
147.205	95.074
147.311	95.073
147.416	95.072
147.522	95.070
147.627	95.069
147.733	95.070
147.838	95.072
147.944	95.073
148.049	95.072
148.155	95.072
148.260	95.073
148.366	95.072
148.471	95.073
148.577	95.072
148.682	95.072
148.788	95.072
148.893	95.072
148.999	95.073
149.104	95.072
149.210	95.072
149.315	95.072
149.421	95.071
149.526	95.072
149.632	95.071
149.737	95.074
149.843	95.075
149.948	95.073
150.054	95.072
150.159	95.073
150.265	95.075
150.370	95.074
150.476	95.073
150.581	95.073
150.687	95.073
150.792	95.072
150.898	95.073
151.003	95.073
151.109	95.071
151.214	95.073
151.320	95.075
151.425	95.074
151.531	95.073
151.636	95.072
151.742	95.072
151.847	95.073
151.953	95.074
152.058	95.075
152.164	95.074
152.269	95.074
152.375	95.075
152.480	95.075
152.586	95.074
152.691	95.074
152.797	95.074
152.902	95.073
153.008	95.072
153.113	95.073
153.219	95.074
153.324	95.073
153.430	95.072
153.535	95.073
153.641	95.072
153.746	95.072
153.852	95.073
153.957	95.075
154.063	95.076
154.168	95.074
154.274	95.072
154.379	95.074
154.485	95.076
154.590	95.075
154.696	95.075
154.801	95.074
154.907	95.074
155.012	95.075
155.118	95.074
155.223	95.071
155.329	95.072
155.434	95.074
155.540	95.074
155.645	95.073
155.751	95.072
155.856	95.072
155.962	95.073
156.067	95.073
156.173	95.073
156.278	95.072
156.384	95.071
156.489	95.072
156.595	95.074
156.700	95.076
156.806	95.077
156.911	95.074
157.017	95.073
157.122	95.073
157.228	95.072
157.333	95.074
157.439	95.074
157.544	95.071
157.650	95.072
157.755	95.072
157.861	95.072
157.966	95.072
158.072	95.072
158.177	95.075
158.283	95.075
158.388	95.073
158.494	95.073
158.599	95.073
158.705	95.072
158.810	95.073
158.916	95.074
159.021	95.075
159.127	95.074
159.232	95.073
159.338	95.073
159.443	95.072
159.549	95.073
159.654	95.073
159.760	95.073
159.865	95.074
159.971	95.075
160.076	95.074
160.182	95.073
160.287	95.072
160.393	95.071
160.498	95.074
160.604	95.075
160.709	95.074
160.815	95.073
160.920	95.074
161.026	95.075
161.131	95.075
161.237	95.074
161.342	95.074
161.448	95.073
161.553	95.073
161.659	95.074
161.764	95.073
161.870	95.074
161.975	95.075
162.081	95.074
162.186	95.073
162.292	95.072
162.397	95.073
162.503	95.074
162.608	95.074
162.714	95.073
162.819	95.075
162.925	95.074
163.030	95.072
163.136	95.073
163.241	95.074
163.347	95.076
163.452	95.074
163.558	95.074
163.663	95.074
163.769	95.072
163.874	95.072
163.980	95.072
164.085	95.072
164.191	95.073
164.296	95.074
164.402	95.074
164.507	95.073
164.613	95.073
164.718	95.075
164.824	95.076
164.929	95.075
165.035	95.076
165.140	95.075
165.246	95.073
165.351	95.075
165.457	95.074
165.562	95.073
165.668	95.075
165.773	95.075
165.879	95.073
165.984	95.073
166.090	95.075
166.195	95.076
166.301	95.076
166.406	95.075
166.512	95.074
166.617	95.075
166.723	95.074
166.828	95.074
166.934	95.076
167.039	95.074
167.145	95.073
167.250	95.077
167.356	95.076
167.461	95.073
167.567	95.074
167.672	95.075
167.778	95.076
167.883	95.073
167.989	95.072
168.094	95.073
168.200	95.073
168.305	95.074
168.411	95.074
168.516	95.076
168.622	95.075
168.727	95.074
168.833	95.075
168.938	95.075
169.044	95.074
169.149	95.073
169.255	95.073
169.360	95.074
169.466	95.074
169.571	95.072
169.677	95.071
169.782	95.072
169.888	95.073
169.993	95.072
170.099	95.072
170.204	95.071
170.310	95.072
170.415	95.074
170.521	95.073
170.626	95.073
170.732	95.074
170.837	95.072
170.943	95.073
171.048	95.073
171.154	95.074
171.259	95.074
171.365	95.074
171.470	95.074
171.576	95.072
171.681	95.073
171.787	95.074
171.892	95.074
171.998	95.073
172.103	95.074
172.209	95.074
172.314	95.073
172.420	95.073
172.525	95.073
172.631	95.074
172.736	95.074
172.842	95.073
172.947	95.074
173.053	95.074
173.158	95.073
173.264	95.073
173.369	95.072
173.475	95.074
173.580	95.075
173.686	95.070
173.791	95.072
173.897	95.075
174.002	95.075
174.108	95.074
174.213	95.074
174.319	95.075
174.424	95.075
174.530	95.073
174.635	95.072
174.741	95.072
174.846	95.073
174.952	95.075
175.057	95.075
175.163	95.074
175.268	95.072
175.374	95.072
175.479	95.073
175.585	95.073
175.690	95.074
175.796	95.073
175.901	95.073
176.007	95.076
176.112	95.075
176.218	95.074
176.323	95.074
176.429	95.073
176.534	95.073
176.640	95.074
176.745	95.074
176.851	95.075
176.956	95.074
177.062	95.073
177.167	95.074
177.273	95.075
177.378	95.076
177.484	95.076
177.589	95.076
177.695	95.079
177.800	95.076
177.906	95.073
178.011	95.075
178.117	95.075
178.222	95.073
178.328	95.073
178.433	95.072
178.539	95.074
178.644	95.076
178.750	95.075
178.855	95.074
178.961	95.076
179.066	95.076
179.172	95.075
179.277	95.076
179.383	95.077
179.488	95.077
179.594	95.074
179.699	95.072
179.805	95.073
179.910	95.074
180.016	95.075
180.121	95.076
180.227	95.076
180.332	95.074
180.438	95.074
180.543	95.073
180.649	95.074
180.754	95.076
180.860	95.075
180.965	95.075
181.071	95.075
181.176	95.076
181.282	95.077
181.387	95.076
181.493	95.075
181.598	95.075
181.704	95.075
181.809	95.074
181.915	95.074
182.020	95.076
182.126	95.075
182.231	95.074
182.337	95.074
182.442	95.075
182.548	95.075
182.653	95.074
182.759	95.074
182.864	95.075
182.970	95.074
183.075	95.075
183.181	95.076
183.286	95.075
183.392	95.076
183.497	95.074
183.603	95.073
183.708	95.076
183.814	95.076
183.919	95.074
184.025	95.076
184.130	95.077
184.236	95.075
184.341	95.074
184.447	95.075
184.552	95.075
184.658	95.075
184.763	95.076
184.869	95.076
184.974	95.074
185.080	95.073
185.185	95.075
185.291	95.077
185.396	95.074
185.502	95.074
185.607	95.076
185.713	95.076
185.818	95.075
185.924	95.073
186.029	95.075
186.135	95.074
186.240	95.072
186.346	95.075
186.451	95.077
186.557	95.075
186.662	95.073
186.768	95.072
186.873	95.073
186.979	95.076
187.084	95.076
187.190	95.074
187.295	95.077
187.401	95.076
187.506	95.074
187.612	95.075
187.717	95.073
187.823	95.074
187.928	95.076
188.034	95.076
188.139	95.077
188.245	95.076
188.350	95.072
188.456	95.071
188.561	95.072
188.667	95.075
188.772	95.078
188.878	95.075
188.983	95.075
189.089	95.076
189.194	95.074
189.300	95.074
189.405	95.075
189.511	95.074
189.616	95.075
189.722	95.076
189.827	95.076
189.933	95.075
190.038	95.076
190.144	95.076
190.249	95.076
190.355	95.075
190.460	95.076
190.566	95.076
190.671	95.075
190.777	95.075
190.882	95.075
190.988	95.075
191.093	95.075
191.199	95.075
191.304	95.076
191.410	95.076
191.515	95.075
191.621	95.075
191.726	95.075
191.832	95.075
191.937	95.075
192.043	95.076
192.148	95.076
192.254	95.076
192.359	95.076
192.465	95.077
192.570	95.075
192.676	95.075
192.781	95.075
192.887	95.075
192.992	95.076
193.098	95.077
193.203	95.076
193.309	95.076
193.414	95.075
193.520	95.075
193.625	95.075
193.731	95.073
193.836	95.072
193.942	95.075
194.047	95.075
194.153	95.074
194.258	95.076
194.364	95.075
194.469	95.076
194.575	95.076
194.680	95.075
194.786	95.076
194.891	95.075
194.997	95.075
195.102	95.074
195.208	95.074
195.313	95.074
195.419	95.075
195.524	95.077
195.630	95.077
195.735	95.077
195.841	95.079
195.946	95.077
196.052	95.074
196.157	95.076
196.263	95.075
196.368	95.075
196.474	95.077
196.579	95.077
196.685	95.077
196.790	95.075
196.896	95.075
197.001	95.076
197.107	95.076
197.212	95.076
197.318	95.075
197.423	95.074
197.529	95.075
197.634	95.076
197.740	95.076
197.845	95.076
197.951	95.076
198.056	95.076
198.162	95.075
198.267	95.075
198.373	95.076
198.478	95.077
198.584	95.075
198.689	95.074
198.795	95.075
198.900	95.075
199.006	95.075
199.111	95.075
199.217	95.075
199.322	95.076
199.428	95.076
199.533	95.077
199.639	95.077
199.744	95.076
199.850	95.076
199.955	95.075
200.061	95.075
200.166	95.075
200.272	95.075
200.377	95.076
200.483	95.077
200.588	95.077
200.694	95.076
200.799	95.076
200.905	95.077
201.010	95.076
201.116	95.076
201.221	95.076
201.327	95.075
201.432	95.076
201.538	95.077
201.643	95.078
201.749	95.075
201.854	95.074
201.960	95.076
202.065	95.077
202.171	95.076
202.276	95.076
202.382	95.076
202.487	95.076
202.593	95.074
202.698	95.076
202.804	95.077
202.909	95.076
203.015	95.075
203.120	95.075
203.226	95.075
203.331	95.074
203.437	95.075
203.542	95.077
203.648	95.077
203.753	95.078
203.859	95.077
203.964	95.074
204.070	95.077
204.175	95.077
204.281	95.075
204.386	95.074
204.492	95.075
204.597	95.075
204.703	95.076
204.808	95.076
204.914	95.074
205.019	95.074
205.125	95.075
205.230	95.072
205.336	95.072
205.441	95.076
205.547	95.076
205.652	95.075
205.758	95.075
205.863	95.076
205.969	95.075
206.074	95.074
206.180	95.073
206.285	95.071
206.391	95.074
206.496	95.076
206.602	95.074
206.707	95.075
206.813	95.075
206.918	95.073
207.024	95.075
207.129	95.076
207.235	95.074
207.340	95.074
207.446	95.074
207.551	95.075
207.657	95.076
207.762	95.076
207.868	95.075
207.973	95.075
208.079	95.076
208.184	95.076
208.290	95.076
208.395	95.076
208.501	95.075
208.606	95.073
208.712	95.074
208.817	95.075
208.923	95.076
209.028	95.075
209.134	95.073
209.239	95.074
209.345	95.074
209.450	95.075
209.556	95.075
209.661	95.074
209.767	95.076
209.872	95.078
209.978	95.077
210.083	95.075
210.189	95.073
210.294	95.073
210.400	95.075
210.505	95.077
210.611	95.078
210.716	95.076
210.822	95.075
210.927	95.076
211.033	95.077
211.138	95.074
211.244	95.074
211.349	95.076
211.455	95.075
211.560	95.074
211.666	95.074
211.771	95.074
211.877	95.074
211.982	95.077
212.088	95.079
212.193	95.078
212.299	95.077
212.404	95.075
212.510	95.075
212.615	95.074
212.721	95.074
212.826	95.074
212.932	95.076
213.037	95.077
213.143	95.076
213.248	95.077
213.354	95.075
213.459	95.074
213.565	95.075
213.670	95.075
213.776	95.075
213.881	95.077
213.987	95.078
214.092	95.074
214.198	95.074
214.303	95.076
214.409	95.075
214.514	95.076
214.620	95.077
214.725	95.077
214.831	95.076
214.936	95.074
215.042	95.074
215.147	95.074
215.253	95.074
215.358	95.076
215.464	95.078
215.569	95.078
215.675	95.077
215.780	95.076
215.886	95.073
215.991	95.074
216.097	95.076
216.202	95.075
216.308	95.074
216.413	95.074
216.519	95.076
216.624	95.076
216.730	95.076
216.835	95.076
216.941	95.076
217.046	95.074
217.152	95.074
217.257	95.078
217.363	95.076
217.468	95.075
217.574	95.074
217.679	95.075
217.785	95.076
217.890	95.076
217.996	95.076
218.101	95.076
218.207	95.075
218.312	95.075
218.418	95.075
218.523	95.075
218.629	95.074
218.734	95.073
218.840	95.075
218.945	95.076
219.051	95.077
219.156	95.079
219.262	95.078
219.367	95.075
219.473	95.076
219.578	95.076
219.684	95.074
219.789	95.074
219.895	95.074
220.000	95.073
220.106	95.074
220.211	95.076
220.317	95.078
220.422	95.077
220.528	95.073
220.633	95.076
220.739	95.077
220.844	95.076
220.950	95.076
221.055	95.075
221.161	95.074
221.266	95.075
221.372	95.077
221.477	95.078
221.583	95.074
221.688	95.073
221.794	95.074
221.899	95.075
222.005	95.075
222.110	95.076
222.216	95.073
222.321	95.073
222.427	95.075
222.532	95.074
222.638	95.073
222.743	95.073
222.849	95.076
222.954	95.076
223.060	95.077
223.165	95.075
223.271	95.071
223.376	95.072
223.482	95.072
223.587	95.075
223.693	95.073
223.798	95.073
223.904	95.075
224.009	95.074
224.115	95.076
224.220	95.076
224.326	95.075
224.431	95.075
224.537	95.075
224.642	95.073
224.748	95.074
224.853	95.075
224.959	95.073
225.064	95.075
225.170	95.076
225.275	95.076
225.381	95.076
225.486	95.075
225.592	95.075
225.697	95.074
225.803	95.074
225.908	95.076
226.014	95.076
226.119	95.074
226.225	95.073
226.330	95.074
226.436	95.075
226.541	95.076
226.647	95.076
226.752	95.077
226.858	95.076
226.963	95.075
227.069	95.076
227.174	95.075
227.280	95.076
227.385	95.076
227.491	95.075
227.596	95.075
227.702	95.076
227.807	95.077
227.913	95.078
228.018	95.076
228.124	95.075
228.229	95.075
228.335	95.074
228.440	95.076
228.546	95.076
228.651	95.075
228.757	95.075
228.862	95.074
228.968	95.072
229.073	95.073
229.179	95.075
229.284	95.082
229.390	95.083
229.495	95.076
229.601	95.076
229.706	95.076
229.812	95.077
229.917	95.076
230.023	95.076
230.128	95.077
230.234	95.077
230.339	95.077
230.445	95.076
230.550	95.079
230.656	95.080
230.761	95.079
230.867	95.079
230.972	95.080
231.078	95.080
231.183	95.080
231.289	95.080
231.394	95.080
231.500	95.079
231.605	95.080
231.711	95.083
231.816	95.084
231.922	95.085
232.027	95.084
232.133	95.082
232.238	95.084
232.344	95.088
232.449	95.090
232.555	95.090
232.660	95.088
232.766	95.088
232.871	95.088
232.977	95.088
233.082	95.087
233.188	95.087
233.293	95.087
233.399	95.085
233.504	95.081
233.610	95.078
233.715	95.079
233.821	95.077
233.926	95.075
234.032	95.077
234.137	95.078
234.243	95.080
234.348	95.080
234.454	95.080
234.559	95.080
234.665	95.081
234.770	95.078
234.876	95.079
234.981	95.080
235.087	95.081
235.192	95.081
235.298	95.081
235.403	95.081
235.509	95.078
235.614	95.075
235.720	95.074
235.825	95.077
235.931	95.078
236.036	95.079
236.142	95.078
236.247	95.075
236.353	95.075
236.458	95.075
236.564	95.074
236.669	95.079
236.775	95.078
236.880	95.075
236.986	95.075
237.091	95.076
237.197	95.074
237.302	95.074
237.408	95.076
237.513	95.075
237.619	95.077
237.724	95.075
237.830	95.074
237.935	95.075
238.041	95.073
238.146	95.075
238.252	95.076
238.357	95.078
238.463	95.079
238.568	95.076
238.674	95.077
238.779	95.078
238.885	95.077
238.990	95.076
239.096	95.074
239.201	95.075
239.307	95.076
239.412	95.076
239.518	95.074
239.623	95.075
239.729	95.079
239.834	95.078
239.940	95.077
240.045	95.078
240.151	95.080
240.256	95.078
240.362	95.076
240.467	95.076
240.573	95.076
240.678	95.076
240.784	95.076
240.889	95.077
240.995	95.077
241.100	95.075
241.206	95.077
241.311	95.076
241.417	95.074
241.522	95.074
241.628	95.074
241.733	95.076
241.839	95.075
241.944	95.074
242.050	95.075
242.155	95.076
242.261	95.075
242.366	95.081
242.472	95.081
242.577	95.075
242.683	95.077
242.788	95.075
242.894	95.075
242.999	95.076
243.105	95.075
243.210	95.077
243.316	95.073
243.421	95.073
243.527	95.081
243.632	95.082
243.738	95.078
243.843	95.075
243.949	95.076
244.054	95.076
244.160	95.075
244.265	95.075
244.371	95.078
244.476	95.080
244.582	95.076
244.687	95.076
244.793	95.078
244.898	95.081
245.004	95.080
245.109	95.077
245.215	95.076
245.320	95.075
245.426	95.076
245.531	95.077
245.637	95.077
245.742	95.077
245.848	95.076
245.953	95.075
246.059	95.077
246.164	95.077
246.270	95.076
246.375	95.079
246.481	95.080
246.586	95.076
246.692	95.075
246.797	95.075
246.903	95.074
247.008	95.074
247.114	95.075
247.219	95.075
247.325	95.074
247.430	95.074
247.536	95.074
247.641	95.075
247.747	95.076
247.852	95.076
247.958	95.075
248.063	95.074
248.169	95.076
248.274	95.077
248.380	95.078
248.485	95.079
248.591	95.079
248.696	95.079
248.802	95.079
248.907	95.084
249.013	95.087
249.118	95.086
249.224	95.087
249.329	95.086
249.435	95.085
249.540	95.086
249.646	95.088
249.751	95.086
249.857	95.087
249.962	95.087
250.068	95.084
250.173	95.083
250.279	95.081
250.384	95.076
250.490	95.073
250.595	95.074
250.701	95.075
250.806	95.075
250.912	95.076
251.017	95.076
251.123	95.076
251.228	95.078
251.334	95.076
251.439	95.075
251.545	95.077
251.650	95.079
251.756	95.079
251.861	95.077
251.967	95.076
252.072	95.076
252.178	95.077
252.283	95.078
252.389	95.078
252.494	95.076
252.600	95.076
252.705	95.077
252.811	95.078
252.916	95.079
253.022	95.080
253.127	95.079
253.233	95.077
253.338	95.075
253.444	95.076
253.549	95.078
253.655	95.076
253.760	95.076
253.866	95.077
253.971	95.076
254.077	95.077
254.182	95.077
254.288	95.075
254.393	95.076
254.499	95.077
254.604	95.075
254.710	95.075
254.815	95.078
254.921	95.078
255.026	95.074
255.132	95.075
255.237	95.077
255.343	95.077
255.448	95.076
255.554	95.076
255.659	95.077
255.765	95.077
255.870	95.077
255.976	95.077
256.081	95.076
256.187	95.076
256.292	95.076
256.398	95.077
256.503	95.078
256.609	95.076
256.714	95.076
256.820	95.076
256.925	95.076
257.031	95.074
257.136	95.078
257.242	95.079
257.347	95.073
257.453	95.074
257.558	95.076
257.664	95.076
257.769	95.076
257.875	95.077
257.980	95.078
258.086	95.080
258.191	95.079
258.297	95.076
258.402	95.075
258.508	95.077
258.613	95.079
258.719	95.077
258.824	95.076
258.930	95.077
259.035	95.077
259.141	95.078
259.246	95.078
259.352	95.077
259.457	95.078
259.563	95.078
259.668	95.077
259.774	95.078
259.879	95.077
259.985	95.075
260.090	95.074
260.196	95.075
260.301	95.078
260.407	95.079
260.512	95.076
260.618	95.076
260.723	95.076
260.829	95.075
260.934	95.075
261.040	95.074
261.145	95.073
261.251	95.075
261.356	95.075
261.462	95.075
261.567	95.076
261.673	95.077
261.778	95.078
261.884	95.077
261.989	95.077
262.095	95.078
262.200	95.078
262.306	95.078
262.411	95.080
262.517	95.079
262.622	95.077
262.728	95.075
262.833	95.074
262.939	95.075
263.044	95.075
263.150	95.076
263.255	95.078
263.361	95.077
263.466	95.077
263.572	95.078
263.677	95.076
263.783	95.077
263.888	95.078
263.994	95.078
264.099	95.080
264.205	95.079
264.310	95.077
264.416	95.078
264.521	95.079
264.627	95.078
264.732	95.079
264.838	95.080
264.943	95.077
265.049	95.077
265.154	95.077
265.260	95.079
265.365	95.079
265.471	95.078
265.576	95.079
265.682	95.079
265.787	95.077
265.893	95.077
265.998	95.075
266.104	95.076
266.209	95.078
266.315	95.078
266.420	95.080
266.526	95.079
266.631	95.077
266.737	95.075
266.842	95.075
266.948	95.077
267.053	95.077
267.159	95.077
267.264	95.077
267.370	95.077
267.475	95.077
267.581	95.075
267.686	95.076
267.792	95.079
267.897	95.078
268.003	95.078
268.108	95.078
268.214	95.079
268.319	95.076
268.425	95.075
268.530	95.076
268.636	95.075
268.741	95.077
268.847	95.078
268.952	95.076
269.058	95.075
269.163	95.075
269.269	95.073
269.374	95.075
269.480	95.080
269.585	95.078
269.691	95.077
269.796	95.077
269.902	95.077
270.007	95.076
270.113	95.075
270.218	95.076
270.324	95.077
270.429	95.077
270.535	95.077
270.640	95.078
270.746	95.077
270.851	95.077
270.957	95.078
271.062	95.077
271.168	95.076
271.273	95.076
271.379	95.077
271.484	95.078
271.590	95.078
271.695	95.076
271.801	95.074
271.906	95.075
272.012	95.077
272.117	95.078
272.223	95.078
272.328	95.078
272.434	95.077
272.539	95.076
272.645	95.076
272.750	95.076
272.856	95.077
272.961	95.079
273.067	95.078
273.172	95.076
273.278	95.076
273.383	95.077
273.489	95.075
273.594	95.073
273.700	95.077
273.805	95.077
273.911	95.075
274.016	95.076
274.122	95.078
274.227	95.077
274.333	95.076
274.438	95.076
274.544	95.077
274.649	95.079
274.755	95.078
274.860	95.077
274.966	95.078
275.071	95.078
275.177	95.077
275.282	95.079
275.388	95.079
275.493	95.079
275.599	95.079
275.704	95.078
275.810	95.077
275.915	95.077
276.021	95.078
276.126	95.077
276.232	95.077
276.337	95.077
276.443	95.076
276.548	95.075
276.654	95.076
276.759	95.077
276.865	95.077
276.970	95.076
277.076	95.076
277.181	95.076
277.287	95.076
277.392	95.078
277.498	95.076
277.603	95.074
277.709	95.078
277.814	95.080
277.920	95.080
278.025	95.079
278.131	95.080
278.236	95.081
278.342	95.079
278.447	95.077
278.553	95.078
278.658	95.078
278.764	95.078
278.869	95.077
278.975	95.081
279.080	95.080
279.186	95.079
279.291	95.080
279.397	95.080
279.502	95.079
279.608	95.078
279.713	95.078
279.819	95.075
279.924	95.074
280.030	95.077
280.135	95.078
280.241	95.079
280.346	95.080
280.452	95.079
280.557	95.080
280.663	95.080
280.768	95.077
280.874	95.077
280.979	95.080
281.085	95.078
281.190	95.075
281.296	95.078
281.401	95.079
281.507	95.078
281.612	95.078
281.718	95.078
281.823	95.078
281.929	95.078
282.034	95.076
282.140	95.077
282.245	95.080
282.351	95.080
282.456	95.080
282.562	95.079
282.667	95.078
282.773	95.078
282.878	95.080
282.984	95.078
283.089	95.075
283.195	95.077
283.300	95.080
283.406	95.081
283.511	95.080
283.617	95.077
283.722	95.083
283.828	95.084
283.933	95.078
284.039	95.077
284.144	95.077
284.250	95.081
284.355	95.079
284.461	95.075
284.566	95.078
284.672	95.078
284.777	95.076
284.883	95.077
284.988	95.077
285.094	95.077
285.199	95.079
285.305	95.080
285.410	95.078
285.516	95.078
285.621	95.078
285.727	95.077
285.832	95.079
285.938	95.078
286.043	95.078
286.149	95.077
286.254	95.076
286.360	95.081
286.465	95.081
286.571	95.077
286.676	95.079
286.782	95.080
286.887	95.083
286.993	95.082
287.098	95.075
287.204	95.074
287.309	95.077
287.415	95.077
287.520	95.078
287.626	95.077
287.731	95.078
287.837	95.079
287.942	95.079
288.048	95.079
288.153	95.078
288.259	95.077
288.364	95.077
288.470	95.076
288.575	95.077
288.681	95.079
288.786	95.078
288.892	95.078
288.997	95.079
289.103	95.079
289.208	95.080
289.314	95.079
289.419	95.080
289.525	95.081
289.630	95.079
289.736	95.079
289.841	95.081
289.947	95.081
290.052	95.077
290.158	95.076
290.263	95.078
290.369	95.079
290.474	95.079
290.580	95.078
290.685	95.078
290.791	95.079
290.896	95.080
291.002	95.079
291.107	95.079
291.213	95.079
291.318	95.078
291.424	95.078
291.529	95.077
291.635	95.078
291.740	95.078
291.846	95.077
291.951	95.079
292.057	95.079
292.162	95.078
292.268	95.079
292.373	95.078
292.479	95.078
292.584	95.079
292.690	95.079
292.795	95.078
292.901	95.077
293.006	95.077
293.112	95.079
293.217	95.080
293.323	95.079
293.428	95.078
293.534	95.078
293.639	95.078
293.745	95.075
293.850	95.075
293.956	95.077
294.061	95.077
294.167	95.078
294.272	95.077
294.378	95.077
294.483	95.078
294.589	95.077
294.694	95.076
294.800	95.079
294.905	95.079
295.011	95.078
295.116	95.076
295.222	95.076
295.327	95.079
295.433	95.080
295.538	95.079
295.644	95.079
295.749	95.080
295.855	95.079
295.960	95.079
296.066	95.079
296.171	95.078
296.277	95.078
296.382	95.079
296.488	95.080
296.593	95.079
296.699	95.077
296.804	95.078
296.910	95.079
297.015	95.076
297.121	95.077
297.226	95.079
297.332	95.078
297.437	95.078
297.543	95.078
297.648	95.077
297.754	95.080
297.859	95.081
297.965	95.081
298.070	95.080
298.176	95.078
298.281	95.080
298.387	95.080
298.492	95.078
298.598	95.078
298.703	95.080
298.809	95.074
298.914	95.071
299.020	95.083
299.125	95.081
299.231	95.075
299.336	95.078
299.442	95.078
299.547	95.077
299.653	95.078
299.758	95.078
299.864	95.077
299.969	95.078
300.075	95.078
300.180	95.079
300.286	95.077
300.391	95.075
300.497	95.077
300.602	95.077
300.708	95.079
300.813	95.080
300.919	95.079
301.024	95.078
301.130	95.077
301.235	95.077
301.341	95.077
301.446	95.079
301.552	95.078
301.657	95.077
301.763	95.077
301.868	95.077
301.974	95.077
302.079	95.078
302.185	95.078
302.290	95.077
302.396	95.077
302.501	95.077
302.607	95.079
302.712	95.077
302.818	95.075
302.923	95.077
303.029	95.079
303.134	95.078
303.240	95.077
303.345	95.077
303.451	95.079
303.556	95.080
303.662	95.079
303.767	95.078
303.873	95.075
303.978	95.076
304.084	95.078
304.189	95.076
304.295	95.075
304.400	95.075
304.506	95.076
304.611	95.076
304.717	95.078
304.822	95.081
304.928	95.080
305.033	95.077
305.139	95.077
305.244	95.077
305.350	95.079
305.455	95.080
305.561	95.078
305.666	95.077
305.772	95.079
305.877	95.078
305.983	95.077
306.088	95.076
306.194	95.076
306.299	95.076
306.405	95.076
306.510	95.078
306.616	95.078
306.721	95.077
306.827	95.076
306.932	95.075
307.038	95.077
307.143	95.079
307.249	95.079
307.354	95.078
307.460	95.077
307.565	95.076
307.671	95.077
307.776	95.077
307.882	95.077
307.987	95.077
308.093	95.077
308.198	95.077
308.304	95.078
308.409	95.080
308.515	95.079
308.620	95.076
308.726	95.077
308.831	95.078
308.937	95.078
309.042	95.078
309.148	95.078
309.253	95.077
309.359	95.077
309.464	95.078
309.570	95.079
309.675	95.080
309.781	95.079
309.886	95.077
309.992	95.075
310.097	95.077
310.203	95.078
310.308	95.074
310.414	95.077
310.519	95.079
310.625	95.076
310.730	95.075
310.836	95.076
310.941	95.077
311.047	95.080
311.152	95.080
311.258	95.080
311.363	95.081
311.469	95.079
311.574	95.078
311.680	95.078
311.785	95.076
311.891	95.078
311.996	95.077
312.102	95.078
312.207	95.074
312.313	95.073
312.418	95.078
312.524	95.079
312.629	95.080
312.735	95.078
312.840	95.079
312.946	95.081
313.051	95.079
313.157	95.078
313.262	95.077
313.368	95.077
313.473	95.078
313.579	95.079
313.684	95.078
313.790	95.076
313.895	95.076
314.001	95.076
314.106	95.078
314.212	95.080
314.317	95.079
314.423	95.076
314.528	95.077
314.634	95.080
314.739	95.079
314.845	95.078
314.950	95.076
315.056	95.076
315.161	95.078
315.267	95.081
315.372	95.081
315.478	95.078
315.583	95.077
315.689	95.079
315.794	95.077
315.900	95.078
316.005	95.079
316.111	95.079
316.216	95.081
316.322	95.082
316.427	95.080
316.533	95.082
316.638	95.083
316.744	95.079
316.849	95.078
316.955	95.080
317.060	95.079
317.166	95.079
317.271	95.078
317.377	95.077
317.482	95.076
317.588	95.076
317.693	95.078
317.799	95.078
317.904	95.078
318.010	95.081
318.115	95.082
318.221	95.078
318.326	95.079
318.432	95.079
318.537	95.079
318.643	95.078
318.748	95.079
318.854	95.079
318.959	95.080
319.065	95.081
319.170	95.081
319.276	95.085
319.381	95.084
319.487	95.077
319.592	95.079
319.698	95.079
319.803	95.078
319.909	95.076
320.014	95.077
320.120	95.078
320.225	95.080
320.331	95.079
320.436	95.076
320.542	95.076
320.647	95.074
320.753	95.074
320.858	95.078
320.964	95.079
321.069	95.080
321.175	95.080
321.280	95.079
321.386	95.078
321.491	95.077
321.597	95.081
321.702	95.081
321.808	95.079
321.913	95.077
322.019	95.077
322.124	95.076
322.230	95.079
322.335	95.079
322.441	95.078
322.546	95.080
322.652	95.079
322.757	95.077
322.863	95.078
322.968	95.078
323.074	95.080
323.179	95.081
323.285	95.080
323.390	95.079
323.496	95.078
323.601	95.077
323.707	95.077
323.812	95.077
323.918	95.079
324.023	95.078
324.129	95.077
324.234	95.077
324.340	95.077
324.445	95.078
324.551	95.077
324.656	95.077
324.762	95.078
324.867	95.078
324.973	95.077
325.078	95.078
325.184	95.078
325.289	95.077
325.395	95.078
325.500	95.079
325.606	95.078
325.711	95.076
325.817	95.078
325.922	95.080
326.028	95.078
326.133	95.078
326.239	95.078
326.344	95.078
326.450	95.078
326.555	95.080
326.661	95.077
326.766	95.078
326.872	95.082
326.977	95.078
327.083	95.076
327.188	95.077
327.294	95.079
327.399	95.078
327.505	95.079
327.610	95.080
327.716	95.081
327.821	95.083
327.927	95.084
328.032	95.083
328.138	95.082
328.243	95.078
328.349	95.077
328.454	95.080
328.560	95.081
328.665	95.080
328.771	95.079
328.876	95.079
328.982	95.080
329.087	95.079
329.193	95.080
329.298	95.080
329.404	95.078
329.509	95.077
329.615	95.076
329.720	95.078
329.826	95.080
329.931	95.080
330.037	95.079
330.142	95.079
330.248	95.079
330.353	95.079
330.459	95.080
330.564	95.079
330.670	95.080
330.775	95.081
330.881	95.079
330.986	95.079
331.092	95.077
331.197	95.078
331.303	95.081
331.408	95.078
331.514	95.077
331.619	95.079
331.725	95.080
331.830	95.079
331.936	95.079
332.041	95.080
332.147	95.078
332.252	95.079
332.358	95.080
332.463	95.085
332.569	95.085
332.674	95.078
332.780	95.078
332.885	95.080
332.991	95.081
333.096	95.082
333.202	95.082
333.307	95.080
333.413	95.080
333.518	95.077
333.624	95.078
333.729	95.079
333.835	95.078
333.940	95.079
334.046	95.081
334.151	95.080
334.257	95.078
334.362	95.077
334.468	95.077
334.573	95.077
334.679	95.079
334.784	95.079
334.890	95.079
334.995	95.079
335.101	95.077
335.206	95.078
335.312	95.080
335.417	95.080
335.523	95.079
335.628	95.078
335.734	95.078
335.839	95.078
335.945	95.078
336.050	95.079
336.156	95.078
336.261	95.079
336.367	95.079
336.472	95.077
336.578	95.078
336.683	95.078
336.789	95.076
336.894	95.076
337.000	95.078
337.105	95.079
337.211	95.076
337.316	95.074
337.422	95.078
337.527	95.078
337.633	95.079
337.738	95.081
337.844	95.078
337.949	95.077
338.055	95.078
338.160	95.079
338.266	95.078
338.371	95.076
338.477	95.080
338.582	95.082
338.688	95.079
338.793	95.078
338.899	95.081
339.004	95.081
339.110	95.079
339.215	95.079
339.321	95.079
339.426	95.078
339.532	95.078
339.637	95.078
339.743	95.079
339.848	95.079
339.954	95.076
340.059	95.076
340.165	95.077
340.270	95.076
340.376	95.078
340.481	95.080
340.587	95.077
340.692	95.078
340.798	95.080
340.903	95.082
341.009	95.082
341.114	95.081
341.220	95.078
341.325	95.079
341.431	95.080
341.536	95.079
341.642	95.080
341.747	95.078
341.853	95.079
341.958	95.080
342.064	95.079
342.169	95.080
342.275	95.077
342.380	95.076
342.486	95.078
342.591	95.079
342.697	95.080
342.802	95.080
342.908	95.081
343.013	95.079
343.119	95.074
343.224	95.073
343.330	95.077
343.435	95.079
343.541	95.080
343.646	95.078
343.752	95.078
343.857	95.081
343.963	95.078
344.068	95.077
344.174	95.077
344.279	95.078
344.385	95.077
344.490	95.076
344.596	95.080
344.701	95.081
344.807	95.080
344.912	95.080
345.018	95.078
345.123	95.078
345.229	95.078
345.334	95.076
345.440	95.075
345.545	95.076
345.651	95.080
345.756	95.080
345.862	95.079
345.967	95.079
346.073	95.079
346.178	95.079
346.284	95.076
346.389	95.075
346.495	95.076
346.600	95.076
346.706	95.078
346.811	95.079
346.917	95.076
347.022	95.077
347.128	95.078
347.233	95.077
347.339	95.078
347.444	95.084
347.550	95.084
347.655	95.080
347.761	95.079
347.866	95.078
347.972	95.078
348.077	95.077
348.183	95.076
348.288	95.077
348.394	95.078
348.499	95.079
348.605	95.079
348.710	95.080
348.816	95.081
348.921	95.080
349.027	95.080
349.132	95.079
349.238	95.078
349.343	95.077
349.449	95.077
349.554	95.078
349.660	95.079
349.765	95.080
349.871	95.079
349.976	95.079
350.082	95.079
350.187	95.076
350.293	95.076
350.398	95.079
350.504	95.080
350.609	95.081
350.715	95.079
350.820	95.079
350.926	95.080
351.031	95.079
351.137	95.078
351.242	95.079
351.348	95.076
351.453	95.076
351.559	95.079
351.664	95.080
351.770	95.078
351.875	95.079
351.981	95.080
352.086	95.080
352.192	95.076
352.297	95.075
352.403	95.078
352.508	95.080
352.614	95.080
352.719	95.081
352.825	95.081
352.930	95.079
353.036	95.080
353.141	95.080
353.247	95.080
353.352	95.080
353.458	95.078
353.563	95.078
353.669	95.077
353.774	95.078
353.880	95.078
353.985	95.078
354.091	95.079
354.196	95.079
354.302	95.078
354.407	95.078
354.513	95.080
354.618	95.079
354.724	95.079
354.829	95.079
354.935	95.078
355.040	95.079
355.146	95.078
355.251	95.077
355.357	95.078
355.462	95.079
355.568	95.079
355.673	95.076
355.779	95.076
355.884	95.078
355.990	95.079
356.095	95.078
356.201	95.080
356.306	95.081
356.412	95.079
356.517	95.080
356.623	95.079
356.728	95.080
356.834	95.077
356.939	95.078
357.045	95.078
357.150	95.077
357.256	95.080
357.361	95.082
357.467	95.081
357.572	95.080
357.678	95.080
357.783	95.082
357.889	95.080
357.994	95.077
358.100	95.077
358.205	95.078
358.311	95.080
358.416	95.080
358.522	95.080
358.627	95.079
358.733	95.079
358.838	95.080
358.944	95.083
359.049	95.083
359.155	95.080
359.260	95.080
359.366	95.082
359.471	95.081
359.577	95.081
359.682	95.081
359.788	95.079
359.893	95.079
359.999	95.079
360.104	95.080
360.210	95.079
360.315	95.079
360.421	95.081
360.526	95.080
360.632	95.077
360.737	95.078
360.843	95.079
360.948	95.079
361.054	95.079
361.159	95.079
361.265	95.081
361.370	95.081
361.476	95.082
361.581	95.082
361.687	95.081
361.792	95.082
361.898	95.083
362.003	95.079
362.109	95.080
362.214	95.083
362.320	95.082
362.425	95.083
362.531	95.084
362.636	95.087
362.742	95.085
362.847	95.081
362.953	95.083
363.058	95.085
363.164	95.086
363.269	95.085
363.375	95.083
363.480	95.084
363.586	95.084
363.691	95.084
363.797	95.084
363.902	95.082
364.008	95.085
364.113	95.087
364.219	95.086
364.324	95.085
364.430	95.081
364.535	95.082
364.641	95.083
364.746	95.082
364.852	95.082
364.957	95.080
365.063	95.080
365.168	95.079
365.274	95.082
365.379	95.083
365.485	95.080
365.590	95.083
365.696	95.083
365.801	95.081
365.907	95.082
366.012	95.082
366.118	95.081
366.223	95.081
366.329	95.082
366.434	95.080
366.540	95.080
366.645	95.079
366.751	95.078
366.856	95.080
366.962	95.079
367.067	95.080
367.173	95.077
367.278	95.076
367.384	95.078
367.489	95.079
367.595	95.080
367.700	95.080
367.806	95.080
367.911	95.080
368.017	95.080
368.122	95.083
368.228	95.081
368.333	95.078
368.439	95.077
368.544	95.076
368.650	95.075
368.755	95.079
368.861	95.081
368.966	95.076
369.072	95.079
369.177	95.082
369.283	95.080
369.388	95.079
369.494	95.078
369.599	95.079
369.705	95.081
369.810	95.080
369.916	95.077
370.021	95.083
370.127	95.081
370.232	95.078
370.338	95.079
370.443	95.076
370.549	95.077
370.654	95.081
370.760	95.079
370.865	95.078
370.971	95.080
371.076	95.080
371.182	95.079
371.287	95.080
371.393	95.082
371.498	95.081
371.604	95.082
371.709	95.081
371.815	95.079
371.920	95.080
372.026	95.081
372.131	95.081
372.237	95.079
372.342	95.080
372.448	95.083
372.553	95.079
372.659	95.076
372.764	95.080
372.870	95.081
372.975	95.077
373.081	95.078
373.186	95.082
373.292	95.081
373.397	95.079
373.503	95.080
373.608	95.078
373.714	95.078
373.819	95.080
373.925	95.080
374.030	95.081
374.136	95.079
374.241	95.079
374.347	95.081
374.452	95.080
374.558	95.078
374.663	95.079
374.769	95.078
374.874	95.079
374.980	95.080
375.085	95.079
375.191	95.078
375.296	95.081
375.402	95.080
375.507	95.074
375.613	95.076
375.718	95.079
375.824	95.078
375.929	95.079
376.035	95.079
376.140	95.079
376.246	95.078
376.351	95.080
376.457	95.079
376.562	95.079
376.668	95.080
376.773	95.078
376.879	95.078
376.984	95.078
377.090	95.080
377.195	95.082
377.301	95.082
377.406	95.081
377.512	95.081
377.617	95.077
377.723	95.075
377.828	95.081
377.934	95.082
378.039	95.077
378.145	95.078
378.250	95.081
378.356	95.081
378.461	95.080
378.567	95.081
378.672	95.081
378.778	95.080
378.883	95.080
378.989	95.079
379.094	95.078
379.200	95.077
379.305	95.082
379.411	95.081
379.516	95.074
379.622	95.077
379.727	95.080
379.833	95.077
379.938	95.077
380.044	95.079
380.149	95.078
380.255	95.079
380.360	95.082
380.466	95.084
380.571	95.083
380.677	95.081
380.782	95.081
380.888	95.081
380.993	95.083
381.099	95.084
381.204	95.083
381.310	95.082
381.415	95.079
381.521	95.078
381.626	95.078
381.732	95.082
381.837	95.082
381.943	95.079
382.048	95.079
382.154	95.079
382.259	95.078
382.365	95.080
382.470	95.077
382.576	95.077
382.681	95.080
382.787	95.079
382.892	95.078
382.998	95.077
383.103	95.080
383.209	95.082
383.314	95.078
383.420	95.079
383.525	95.079
383.631	95.082
383.736	95.085
383.842	95.078
383.947	95.076
384.053	95.080
384.158	95.083
384.264	95.082
384.369	95.080
384.475	95.079
384.580	95.079
384.686	95.081
384.791	95.084
384.897	95.084
385.002	95.080
385.108	95.078
385.213	95.075
385.319	95.077
385.424	95.080
385.530	95.079
385.635	95.080
385.741	95.079
385.846	95.082
385.952	95.082
386.057	95.080
386.163	95.080
386.268	95.080
386.374	95.081
386.479	95.078
386.585	95.076
386.690	95.078
386.796	95.078
386.901	95.078
387.007	95.078
387.112	95.077
387.218	95.079
387.323	95.082
387.429	95.083
387.534	95.082
387.640	95.080
387.745	95.079
387.851	95.081
387.956	95.083
388.062	95.082
388.167	95.081
388.273	95.079
388.378	95.078
388.484	95.080
388.589	95.082
388.695	95.083
388.800	95.085
388.906	95.083
389.011	95.082
389.117	95.085
389.222	95.086
389.328	95.086
389.433	95.089
389.539	95.089
389.644	95.089
389.750	95.088
389.855	95.089
389.961	95.096
390.066	95.096
390.172	95.091
390.277	95.093
390.383	95.091
390.488	95.093
390.594	95.092
390.699	95.086
390.805	95.089
390.910	95.088
391.016	95.087
391.121	95.090
391.227	95.084
391.332	95.083
391.438	95.085
391.543	95.083
391.649	95.084
391.754	95.082
391.860	95.081
391.965	95.081
392.071	95.081
392.176	95.082
392.282	95.080
392.387	95.082
392.493	95.083
392.598	95.080
392.704	95.079
392.809	95.080
392.915	95.080
393.020	95.078
393.126	95.078
393.231	95.081
393.337	95.081
393.442	95.081
393.548	95.080
393.653	95.081
393.759	95.082
393.864	95.081
393.970	95.082
394.075	95.081
394.181	95.081
394.286	95.081
394.392	95.081
394.497	95.082
394.603	95.084
394.708	95.082
394.814	95.082
394.919	95.083
395.025	95.080
395.130	95.080
395.236	95.080
395.341	95.078
395.447	95.079
395.552	95.080
395.658	95.080
395.763	95.082
395.869	95.083
395.974	95.081
396.080	95.080
396.185	95.078
396.291	95.081
396.396	95.084
396.502	95.080
396.607	95.076
396.713	95.077
396.818	95.082
396.924	95.081
397.029	95.075
397.135	95.077
397.240	95.081
397.346	95.080
397.451	95.081
397.557	95.080
397.662	95.082
397.768	95.081
397.873	95.080
397.979	95.081
398.084	95.083
398.190	95.081
398.295	95.080
398.401	95.079
398.506	95.078
398.612	95.080
398.717	95.080
398.823	95.080
398.928	95.080
399.034	95.082
399.139	95.082
399.245	95.084
399.350	95.083
399.456	95.080
399.561	95.081
399.667	95.079
399.772	95.078
399.878	95.078
399.983	95.076
400.089	95.077
400.194	95.081
400.300	95.078
400.405	95.080
400.511	95.083
400.616	95.081
400.722	95.081
400.827	95.082
400.933	95.082
401.038	95.081
401.144	95.082
401.249	95.082
401.355	95.081
401.460	95.084
401.566	95.090
401.671	95.084
401.777	95.079
401.882	95.084
401.988	95.084
402.093	95.080
402.199	95.079
402.304	95.076
402.410	95.076
402.515	95.079
402.621	95.080
402.726	95.085
402.832	95.084
402.937	95.080
403.043	95.082
403.148	95.081
403.254	95.076
403.359	95.073
403.465	95.076
403.570	95.078
403.676	95.084
403.781	95.083
403.887	95.079
403.992	95.077
404.098	95.079
404.203	95.083
404.309	95.080
404.414	95.078
404.520	95.081
404.625	95.083
404.731	95.082
404.836	95.083
404.942	95.083
405.047	95.083
405.153	95.083
405.258	95.082
405.364	95.081
405.469	95.081
405.575	95.082
405.680	95.082
405.786	95.081
405.891	95.082
405.997	95.081
406.102	95.077
406.208	95.078
406.313	95.080
406.419	95.081
406.524	95.081
406.630	95.082
406.735	95.082
406.841	95.082
406.946	95.083
407.052	95.081
407.157	95.081
407.263	95.084
407.368	95.087
407.474	95.083
407.579	95.082
407.685	95.082
407.790	95.080
407.896	95.080
408.001	95.082
408.107	95.081
408.212	95.078
408.318	95.081
408.423	95.083
408.529	95.081
408.634	95.079
408.740	95.082
408.845	95.085
408.951	95.081
409.056	95.080
409.162	95.081
409.267	95.081
409.373	95.079
409.478	95.079
409.584	95.084
409.689	95.085
409.795	95.082
409.900	95.080
410.006	95.079
410.111	95.075
410.217	95.077
410.322	95.083
410.428	95.083
410.533	95.082
410.639	95.080
410.744	95.081
410.850	95.081
410.955	95.081
411.061	95.081
411.166	95.079
411.272	95.080
411.377	95.080
411.483	95.078
411.588	95.079
411.694	95.083
411.799	95.084
411.905	95.082
412.010	95.085
412.116	95.087
412.221	95.084
412.327	95.081
412.432	95.081
412.538	95.081
412.643	95.081
412.749	95.081
412.854	95.083
412.960	95.082
413.065	95.082
413.171	95.079
413.276	95.076
413.382	95.080
413.487	95.078
413.593	95.079
413.698	95.083
413.804	95.084
413.909	95.084
414.015	95.083
414.120	95.085
414.226	95.083
414.331	95.079
414.437	95.075
414.542	95.076
414.648	95.081
414.753	95.082
414.859	95.080
414.964	95.080
415.070	95.081
415.175	95.082
415.281	95.082
415.386	95.081
415.492	95.081
415.597	95.080
415.703	95.076
415.808	95.077
415.914	95.081
416.019	95.080
416.125	95.086
416.230	95.087
416.336	95.082
416.441	95.081
416.547	95.082
416.652	95.084
416.758	95.085
416.863	95.087
416.969	95.084
417.074	95.080
417.180	95.081
417.285	95.081
417.391	95.079
417.496	95.080
417.602	95.080
417.707	95.082
417.813	95.082
417.918	95.085
418.024	95.087
418.129	95.081
418.235	95.081
418.340	95.082
418.446	95.083
418.551	95.084
418.657	95.083
418.762	95.082
418.868	95.083
418.973	95.084
419.079	95.082
419.184	95.085
419.290	95.086
419.395	95.085
419.501	95.087
419.606	95.087
419.712	95.083
419.817	95.079
419.923	95.082
420.028	95.087
420.134	95.086
420.239	95.084
420.345	95.085
420.450	95.088
420.556	95.091
420.661	95.088
420.767	95.087
420.872	95.089
420.978	95.094
421.083	95.099
421.189	95.099
421.294	95.103
421.400	95.105
421.505	95.109
421.611	95.113
421.716	95.117
421.822	95.126
421.927	95.132
422.033	95.139
422.138	95.147
422.244	95.155
422.349	95.164
422.455	95.175
422.560	95.186
422.666	95.196
422.771	95.208
422.877	95.218
422.982	95.226
423.088	95.239
423.193	95.247
423.299	95.253
423.404	95.260
423.510	95.263
423.615	95.267
423.721	95.273
423.826	95.273
423.932	95.272
424.037	95.271
424.143	95.271
424.248	95.272
424.354	95.270
424.459	95.265
424.565	95.263
424.670	95.264
424.776	95.263
424.881	95.258
424.987	95.250
425.092	95.245
425.198	95.243
425.303	95.240
425.409	95.238
425.514	95.233
425.620	95.229
425.725	95.224
425.831	95.221
425.936	95.217
426.042	95.213
426.147	95.209
426.253	95.206
426.358	95.202
426.464	95.193
426.569	95.190
426.675	95.193
426.780	95.189
426.886	95.182
426.991	95.176
427.097	95.170
427.202	95.167
427.308	95.164
427.413	95.155
427.519	95.150
427.624	95.150
427.730	95.147
427.835	95.146
427.941	95.142
428.046	95.138
428.152	95.132
428.257	95.126
428.363	95.124
428.468	95.121
428.574	95.120
428.679	95.118
428.785	95.113
428.890	95.112
428.996	95.114
429.101	95.108
429.207	95.098
429.312	95.098
429.418	95.102
429.523	95.099
429.629	95.095
429.734	95.092
429.840	95.090
429.945	95.090
430.051	95.090
430.156	95.087
430.262	95.087
430.367	95.086
430.473	95.088
430.578	95.087
430.684	95.084
430.789	95.084
430.895	95.081
431.000	95.081
431.106	95.081
431.211	95.080
431.317	95.083
431.422	95.084
431.528	95.081
431.633	95.075
431.739	95.079
431.844	95.081
431.950	95.079
432.055	95.079
432.161	95.081
432.266	95.082
432.372	95.081
432.477	95.081
432.583	95.081
432.688	95.084
432.794	95.086
432.899	95.081
433.005	95.080
433.110	95.080
433.216	95.080
433.321	95.079
433.427	95.079
433.532	95.081
433.638	95.081
433.743	95.080
433.849	95.074
433.954	95.074
434.060	95.079
434.165	95.079
434.271	95.080
434.376	95.081
434.482	95.082
434.587	95.083
434.693	95.083
434.798	95.078
434.904	95.078
435.009	95.081
435.115	95.076
435.220	95.080
435.326	95.086
435.431	95.083
435.537	95.082
435.642	95.087
435.748	95.090
435.853	95.084
435.959	95.084
436.064	95.084
436.170	95.080
436.275	95.080
436.381	95.079
436.486	95.080
436.592	95.084
436.697	95.083
436.803	95.079
436.908	95.082
437.014	95.084
437.119	95.082
437.225	95.080
437.330	95.085
437.436	95.086
437.541	95.082
437.647	95.084
437.752	95.084
437.858	95.083
437.963	95.081
438.069	95.076
438.174	95.077
438.280	95.079
438.385	95.080
438.491	95.087
438.596	95.084
438.702	95.083
438.807	95.082
438.913	95.080
439.018	95.083
439.124	95.083
439.229	95.083
439.335	95.081
439.440	95.084
439.546	95.088
439.651	95.078
439.757	95.077
439.862	95.088
439.968	95.086
440.073	95.080
440.179	95.080
440.284	95.077
440.390	95.078
440.495	95.076
440.601	95.079
440.706	95.084
440.812	95.075
440.917	95.068
441.023	95.073
441.128	95.081
441.234	95.080
441.339	95.080
441.445	95.076
441.550	95.076
441.656	95.085
441.761	95.083
441.867	95.083
441.972	95.090
442.078	95.081
442.183	95.078
442.289	95.085
442.394	95.082
442.500	95.078
442.605	95.076
442.711	95.073
442.816	95.076
442.922	95.080
443.027	95.083
443.133	95.081
443.238	95.080
443.344	95.086
443.449	95.079
443.555	95.076
443.660	95.080
443.766	95.081
443.871	95.081
443.977	95.085
444.082	95.086
444.188	95.083
444.293	95.082
444.399	95.082
444.504	95.083
444.610	95.079
444.715	95.078
444.821	95.079
444.926	95.082
445.032	95.086
445.137	95.083
445.243	95.081
445.348	95.080
445.454	95.084
445.559	95.082
445.665	95.080
445.770	95.083
445.876	95.082
445.981	95.081
446.087	95.080
446.192	95.079
446.298	95.079
446.403	95.078
446.509	95.081
446.614	95.082
446.720	95.081
446.825	95.083
446.931	95.084
447.036	95.083
447.142	95.081
447.247	95.080
447.353	95.079
447.458	95.081
447.564	95.081
447.669	95.078
447.775	95.080
447.880	95.083
447.986	95.084
448.091	95.083
448.197	95.078
448.302	95.077
448.408	95.079
448.513	95.085
448.619	95.085
448.724	95.084
448.830	95.084
448.935	95.084
449.041	95.083
449.146	95.077
449.252	95.079
449.357	95.087
449.463	95.087
449.568	95.082
449.674	95.086
449.779	95.085
449.885	95.078
449.990	95.080
450.096	95.086
450.201	95.087
450.307	95.086
450.412	95.092
450.518	95.103
450.623	95.122
450.729	95.144
450.834	95.181
450.940	95.226
451.045	95.280
451.151	95.339
451.256	95.383
451.362	95.412
451.467	95.427
451.573	95.427
451.678	95.423
451.784	95.419
451.889	95.410
451.995	95.403
452.100	95.398
452.206	95.388
452.311	95.378
452.417	95.373
452.522	95.364
452.628	95.355
452.733	95.348
452.839	95.341
452.944	95.332
453.050	95.323
453.155	95.317
453.261	95.308
453.366	95.301
453.472	95.292
453.577	95.282
453.683	95.270
453.788	95.265
453.894	95.261
453.999	95.250
454.105	95.242
454.210	95.231
454.316	95.222
454.421	95.217
454.527	95.208
454.632	95.198
454.738	95.195
454.843	95.190
454.949	95.179
455.054	95.171
455.160	95.163
455.265	95.156
455.371	95.152
455.476	95.143
455.582	95.137
455.687	95.133
455.793	95.124
455.898	95.117
456.004	95.113
456.109	95.112
456.215	95.111
456.320	95.106
456.426	95.103
456.531	95.103
456.637	95.100
456.742	95.094
456.848	95.092
456.953	95.093
457.059	95.093
457.164	95.091
457.270	95.092
457.375	95.091
457.481	95.088
457.586	95.088
457.692	95.089
457.797	95.088
457.903	95.091
458.008	95.090
458.114	95.089
458.219	95.089
458.325	95.088
458.430	95.089
458.536	95.089
458.641	95.088
458.747	95.087
458.852	95.088
458.958	95.087
459.063	95.088
459.169	95.089
459.274	95.088
459.380	95.088
459.485	95.091
459.591	95.091
459.696	95.092
459.802	95.092
459.907	95.086
460.013	95.088
460.118	95.090
460.224	95.087
460.329	95.087
460.435	95.088
460.540	95.089
460.646	95.087
460.751	95.087
460.857	95.090
460.962	95.089
461.068	95.085
461.173	95.085
461.279	95.087
461.384	95.087
461.490	95.088
461.595	95.087
461.701	95.086
461.806	95.085
461.912	95.086
462.017	95.087
462.123	95.085
462.228	95.083
462.334	95.086
462.439	95.088
462.545	95.083
462.650	95.085
462.756	95.085
462.861	95.086
462.967	95.089
463.072	95.085
463.178	95.085
463.283	95.084
463.389	95.084
463.494	95.087
463.600	95.089
463.705	95.088
463.811	95.087
463.916	95.085
464.022	95.085
464.127	95.086
464.233	95.088
464.338	95.086
464.444	95.087
464.549	95.088
464.655	95.087
464.760	95.088
464.866	95.089
464.971	95.089
465.077	95.087
465.182	95.088
465.288	95.085
465.393	95.085
465.499	95.087
465.604	95.087
465.710	95.087
465.815	95.087
465.921	95.085
466.026	95.078
466.132	95.078
466.237	95.085
466.343	95.088
466.448	95.092
466.554	95.088
466.659	95.085
466.765	95.088
466.870	95.091
466.976	95.088
467.081	95.084
467.187	95.081
467.292	95.081
467.398	95.085
467.503	95.088
467.609	95.086
467.714	95.082
467.820	95.089
467.925	95.088
468.031	95.084
468.136	95.087
468.242	95.088
468.347	95.084
468.453	95.083
468.558	95.087
468.664	95.088
468.769	95.087
468.875	95.085
468.980	95.089
469.086	95.090
469.191	95.083
469.297	95.083
469.402	95.083
469.508	95.082
469.613	95.085
469.719	95.086
469.824	95.082
469.930	95.084
470.035	95.086
470.141	95.086
470.246	95.085
470.352	95.087
470.457	95.087
470.563	95.086
470.668	95.087
470.774	95.084
470.879	95.081
470.985	95.084
471.090	95.086
471.196	95.085
471.301	95.083
471.407	95.085
471.512	95.088
471.618	95.086
471.723	95.083
471.829	95.084
471.934	95.087
472.040	95.085
472.145	95.086
472.251	95.088
472.356	95.083
472.462	95.083
472.567	95.084
472.673	95.082
472.778	95.083
472.884	95.083
472.989	95.084
473.095	95.085
473.200	95.084
473.306	95.087
473.411	95.086
473.517	95.084
473.622	95.084
473.728	95.082
473.833	95.083
473.939	95.086
474.044	95.087
474.150	95.086
474.255	95.085
474.361	95.084
474.466	95.081
474.572	95.080
474.677	95.084
474.783	95.087
474.888	95.082
474.994	95.079
475.099	95.085
475.205	95.086
475.310	95.082
475.416	95.087
475.521	95.087
475.627	95.083
475.732	95.082
475.838	95.086
475.943	95.088
476.049	95.082
476.154	95.081
476.260	95.081
476.365	95.082
476.471	95.089
476.576	95.085
476.682	95.082
476.787	95.083
476.893	95.086
476.998	95.090
477.104	95.084
477.209	95.084
477.315	95.087
477.420	95.085
477.526	95.084
477.631	95.085
477.737	95.086
477.842	95.086
477.948	95.087
478.053	95.087
478.159	95.086
478.264	95.086
478.370	95.087
478.475	95.088
478.581	95.088
478.686	95.086
478.792	95.084
478.897	95.083
479.003	95.085
479.108	95.087
479.214	95.087
479.319	95.087
479.425	95.085
479.530	95.086
479.636	95.087
479.741	95.087
479.847	95.089
479.952	95.088
480.058	95.086
480.163	95.087
480.269	95.088
480.374	95.085
480.480	95.088
480.585	95.091
480.691	95.087
480.796	95.087
480.902	95.087
481.007	95.087
481.113	95.089
481.218	95.090
481.324	95.088
481.429	95.088
481.535	95.091
481.640	95.091
481.746	95.089
481.851	95.087
481.957	95.090
482.062	95.091
482.168	95.087
482.273	95.092
482.379	95.090
482.484	95.085
482.590	95.087
482.695	95.088
482.801	95.085
482.906	95.086
483.012	95.086
483.117	95.087
483.223	95.090
483.328	95.090
483.434	95.088
483.539	95.087
483.645	95.087
483.750	95.087
483.856	95.086
483.961	95.089
484.067	95.093
484.172	95.090
484.278	95.088
484.383	95.088
484.489	95.089
484.594	95.089
484.700	95.087
484.805	95.089
484.911	95.089
485.016	95.090
485.122	95.088
485.227	95.089
485.333	95.092
485.438	95.088
485.544	95.084
485.649	95.092
485.755	95.095
485.860	95.088
485.966	95.084
486.071	95.087
486.177	95.089
486.282	95.088
486.388	95.087
486.493	95.089
486.599	95.089
486.704	95.090
486.810	95.088
486.915	95.085
487.021	95.086
487.126	95.087
487.232	95.084
487.337	95.085
487.443	95.088
487.548	95.090
487.654	95.090
487.759	95.087
487.865	95.087
487.970	95.089
488.076	95.092
488.181	95.091
488.287	95.091
488.392	95.087
488.498	95.085
488.603	95.085
488.709	95.084
488.814	95.085
488.920	95.090
489.025	95.091
489.131	95.086
489.236	95.084
489.342	95.084
489.447	95.085
489.553	95.086
489.658	95.088
489.764	95.089
489.869	95.090
489.975	95.090
490.080	95.092
490.186	95.092
490.291	95.088
490.397	95.088
490.502	95.087
490.608	95.085
490.713	95.086
490.819	95.086
490.924	95.088
491.030	95.088
491.135	95.085
491.241	95.085
491.346	95.087
491.452	95.086
491.557	95.087
491.663	95.087
491.768	95.087
491.874	95.088
491.979	95.088
492.085	95.088
492.190	95.088
492.296	95.090
492.401	95.087
492.507	95.084
492.612	95.087
492.718	95.087
492.823	95.088
492.929	95.087
493.034	95.086
493.140	95.086
493.245	95.086
493.351	95.086
493.456	95.082
493.562	95.082
493.667	95.086
493.773	95.086
493.878	95.088
493.984	95.092
494.089	95.090
494.195	95.087
494.300	95.087
494.406	95.086
494.511	95.083
494.617	95.080
494.722	95.087
494.828	95.088
494.933	95.084
495.039	95.088
495.144	95.087
495.250	95.087
495.355	95.090
495.461	95.089
495.566	95.088
495.672	95.088
495.777	95.083
495.883	95.085
495.988	95.090
496.094	95.087
496.199	95.087
496.305	95.085
496.410	95.089
496.516	95.090
496.621	95.089
496.727	95.087
496.832	95.083
496.938	95.085
497.043	95.085
497.149	95.083
497.254	95.083
497.360	95.085
497.465	95.089
497.571	95.088
497.676	95.083
497.782	95.084
497.887	95.087
497.993	95.086
498.098	95.084
498.204	95.082
498.309	95.085
498.415	95.089
498.520	95.086
498.626	95.082
498.731	95.083
498.837	95.085
498.942	95.085
499.048	95.084
499.153	95.083
499.259	95.082
499.364	95.085
499.470	95.084
499.575	95.083
499.681	95.086
499.786	95.083
499.892	95.085
499.997	95.087
500.103	95.085
500.208	95.085
500.314	95.087
500.419	95.090
500.525	95.090
500.630	95.091
500.736	95.092
500.841	95.088
500.947	95.088
501.052	95.088
501.158	95.085
501.263	95.088
501.369	95.087
501.474	95.090
501.580	95.091
501.685	95.087
501.791	95.088
501.896	95.088
502.002	95.085
502.107	95.088
502.213	95.086
502.318	95.082
502.424	95.086
502.529	95.086
502.635	95.084
502.740	95.086
502.846	95.087
502.951	95.085
503.057	95.088
503.162	95.088
503.268	95.086
503.373	95.088
503.479	95.086
503.584	95.084
503.690	95.087
503.795	95.088
503.901	95.087
504.006	95.089
504.112	95.092
504.217	95.090
504.323	95.085
504.428	95.085
504.534	95.087
504.639	95.087
504.745	95.093
504.850	95.093
504.956	95.086
505.061	95.083
505.167	95.084
505.272	95.085
505.378	95.085
505.483	95.087
505.589	95.088
505.694	95.086
505.800	95.085
505.905	95.088
506.011	95.088
506.116	95.090
506.222	95.087
506.327	95.082
506.433	95.083
506.538	95.086
506.644	95.088
506.749	95.086
506.855	95.084
506.960	95.084
507.066	95.084
507.171	95.083
507.277	95.083
507.382	95.085
507.488	95.086
507.593	95.087
507.699	95.085
507.804	95.085
507.910	95.086
508.015	95.087
508.121	95.088
508.226	95.087
508.332	95.088
508.437	95.086
508.543	95.085
508.648	95.086
508.754	95.087
508.859	95.087
508.965	95.084
509.070	95.085
509.176	95.087
509.281	95.082
509.387	95.082
509.492	95.086
509.598	95.088
509.703	95.088
509.809	95.086
509.914	95.083
510.020	95.084
510.125	95.084
510.231	95.082
510.336	95.084
510.442	95.085
510.547	95.086
510.653	95.087
510.758	95.085
510.864	95.084
510.969	95.086
511.075	95.079
511.180	95.078
511.286	95.085
511.391	95.085
511.497	95.084
511.602	95.083
511.708	95.086
511.813	95.086
511.919	95.085
512.024	95.086
512.130	95.085
512.235	95.084
512.341	95.083
512.446	95.082
512.552	95.082
512.657	95.085
512.763	95.083
512.868	95.086
512.974	95.084
513.079	95.081
513.185	95.084
513.290	95.083
513.396	95.085
513.501	95.084
513.607	95.084
513.712	95.085
513.818	95.085
513.923	95.086
514.029	95.084
514.134	95.084
514.240	95.085
514.345	95.085
514.451	95.087
514.556	95.086
514.662	95.082
514.767	95.082
514.873	95.084
514.978	95.085
515.084	95.085
515.189	95.086
515.295	95.084
515.400	95.082
515.506	95.083
515.611	95.082
515.717	95.081
515.822	95.083
515.928	95.084
516.033	95.084
516.139	95.084
516.244	95.083
516.350	95.085
516.455	95.086
516.561	95.085
516.666	95.085
516.772	95.085
516.877	95.085
516.983	95.084
517.088	95.084
517.194	95.086
517.299	95.084
517.405	95.082
517.510	95.085
517.616	95.087
517.721	95.086
517.827	95.087
517.932	95.087
518.038	95.085
518.143	95.083
518.249	95.086
518.354	95.086
518.460	95.086
518.565	95.084
518.671	95.083
518.776	95.085
518.882	95.086
518.987	95.087
519.093	95.086
519.198	95.084
519.304	95.084
519.409	95.082
519.515	95.083
519.620	95.084
519.726	95.085
519.831	95.088
519.937	95.086
520.042	95.085
520.148	95.086
520.253	95.087
520.359	95.085
520.464	95.084
520.570	95.088
520.675	95.089
520.781	95.088
520.886	95.089
520.992	95.088
521.097	95.087
521.203	95.092
521.308	95.093
521.414	95.086
521.519	95.085
521.625	95.087
521.730	95.084
521.836	95.085
521.941	95.090
522.047	95.088
522.152	95.088
522.258	95.090
522.363	95.088
522.469	95.088
522.574	95.089
522.680	95.089
522.785	95.089
522.891	95.089
522.996	95.089
523.102	95.088
523.207	95.088
523.313	95.087
523.418	95.088
523.524	95.089
523.629	95.089
523.735	95.089
523.840	95.089
523.946	95.088
524.051	95.088
524.157	95.090
524.262	95.092
524.368	95.092
524.473	95.091
524.579	95.091
524.684	95.092
524.790	95.087
524.895	95.088
525.001	95.093
525.106	95.089
525.212	95.089
525.317	95.093
525.423	95.091
525.528	95.089
525.634	95.093
525.739	95.092
525.845	95.087
525.950	95.092
526.056	95.084
526.161	95.081
526.267	95.092
526.372	95.088
526.478	95.087
526.583	95.092
526.689	95.094
526.794	95.095
526.900	95.095
527.005	95.093
527.111	95.093
527.216	95.094
527.322	95.095
527.427	95.088
527.533	95.086
527.638	95.091
527.744	95.093
527.849	95.091
527.955	95.089
528.060	95.091
528.166	95.093
528.271	95.092
528.377	95.093
528.482	95.095
528.588	95.089
528.693	95.091
528.799	95.093
528.904	95.092
529.010	95.094
529.115	95.092
529.221	95.092
529.326	95.093
529.432	95.091
529.537	95.094
529.643	95.095
529.748	95.093
529.854	95.094
529.959	95.095
